4.948569
4.876526
4.852859
4.844812
4.824577
4.811395
4.803101
4.793798
4.784297
4.769394
4.758092
4.753993
4.746691
4.732196
4.714577
4.715117
4.709060
4.701657
4.699199
4.691828
4.685755
4.676541
4.661836
4.663929
4.659092
4.654401
4.645625
4.644343
4.638121
4.631197
4.623660
4.613021
4.612952
4.611811
4.612088
4.609869
4.610696
4.610217
4.611109
4.601450
4.599825
4.584957
4.587275
4.585948
4.581324
4.574172
4.573344
4.570713
4.563475
4.561113
4.559624
4.557792
4.549840
4.549920
4.540314
4.540122
4.541381
4.541584
4.544203
4.544137
4.540148
4.533650
4.532040
4.529332
4.529367
4.528413
4.524556
4.522806
4.524624
4.525478
4.526353
4.527020
4.524597
4.523149
4.524065
4.523197
4.525315
4.526399
4.525481
4.527818
4.529991
4.530091
4.528002
4.529518
4.528931
4.527845
4.525916
4.528175
4.525922
4.525831
4.526545
4.525399
4.526056
4.525908
4.524205
4.524135
4.522134
4.523972
4.518604
4.518420
4.512131
4.511915
4.511714
4.508909
4.511326
4.511215
4.512515
4.508501
4.507269
4.508296
4.507268
4.507637
4.506062
4.506741
4.500665
4.503087
4.502366
4.502956
4.503620
4.504277
4.504996
4.503298
4.503669
4.502682
4.502348
4.501187
4.500916
4.501263
4.499830
4.500149
4.500277
4.500889
4.496976
4.497531
4.497254
4.495256
4.496004
4.496276
4.495548
4.493845
4.492483
4.491158
4.490812
4.491177
4.493066
4.492454
4.492958
4.489898
4.488272
4.488336
4.483745
4.483716
4.482732
4.483656
4.479499
4.480077
4.480783
4.482056
4.483855
4.486193
4.483001
4.483917
4.482578
4.478336
4.481161
4.479430
4.479863
4.478874
4.480191
4.477541
4.477705
4.475430
4.474992
4.474973
4.473160
4.474036
4.472940
4.475045
4.472958
4.472894
4.467447
4.467116
4.467840
4.466227
4.466026
4.466638
4.460600
4.460268
4.457649
4.458195
4.459049
4.456788
4.459028
4.457123
4.458542
4.456051
4.455331
4.456598
4.458131
4.458466
4.452235
4.453811
4.454971
4.454301
4.455785
4.455071
4.457297
4.454068
4.456138
4.454125
4.453860
4.452280
4.452922
4.453708
4.456035
4.456143
4.455311
4.457188
4.456068
4.456060
4.454205
4.455185
4.454255
4.453466
4.452011
4.452538
4.452893
4.451449
4.454492
4.454586
4.454923
4.452938
4.452158
4.452708
4.452836
4.453842
4.452285
4.451338
4.449194
4.456007
4.455272
4.456282
4.454235
4.453837
4.454634
4.455495
4.455941
4.454403
4.450998
4.451672
4.445016
4.442042
4.445438
4.443631
4.444098
4.440894
4.440060
4.442002
4.391440
4.391833
4.393598
4.392958
4.393696
4.392498
4.358425
4.312182
4.311701
4.309540
4.310963
4.311243
4.309226
4.308090
4.309047
4.309507
4.309152
4.311530
4.312387
4.309696
4.283567
4.283846
4.284297
4.284163
4.284847
4.285585
4.285865
4.283501
4.283460
4.281954
4.272687
4.271588
4.271710
4.269860
4.271207
4.271937
4.270970
4.270573
4.268864
4.271513
4.270489
4.270313
4.272583
4.272505
4.271862
4.268841
4.269640
4.271242
4.271679
4.272352
4.272971
4.274263
4.272318
4.275429
4.272453
4.272188
4.270890
4.271591
4.271082
4.254904
4.257497
4.256025
4.254657
4.255175
4.257488
4.259050
4.257352
4.260373
4.244441
4.243063
4.244474
4.243684
4.242709
4.243248
4.245444
4.244482
4.245150
4.243367
4.226335
4.226728
4.228177
4.228127
4.206927
4.208550
4.208422
4.205619
4.207339
4.192612
4.194469
4.176897
4.179461
4.181561
4.181569
4.181873
4.182521
4.166437
4.165692
4.166265
4.167212
4.134037
4.135464
4.135126
4.137347
4.138527
4.139855
4.139216
4.139548
4.140854
4.140526
4.141422
4.143272
4.142842
4.141266
4.139825
4.141361
4.139138
4.141218
4.126522
4.120360
4.121798
4.121169
4.111879
4.112168
4.114054
4.113295
4.113255
4.112790
4.110788
4.110037
4.108911
4.109537
4.104277
4.103333
4.090258
4.091203
4.092530
4.092432
4.084094
4.084965
4.086454
4.087780
4.092221
4.095191
4.098514
4.098928
4.090947
4.086849
4.084194
4.076973
4.079050
4.069840
4.071509
4.070800
4.072414
4.074726
4.069748
4.071441
4.070915
4.067258
4.068079
4.069109
4.070042
4.068415
4.056593
4.056593
4.057399
4.060305
4.060542
4.059941
4.061124
4.061893
4.062328
4.062204
4.063201
4.061728
4.061608
4.062618
4.062310
4.063663
4.063581
4.063298
4.061222
4.060812
4.061483
4.061770
4.061563
4.062466
4.062246
4.062811
4.062848
4.062366
4.063487
4.063566
4.064279
4.065605
4.065551
4.065863
4.065988
4.065527
4.065950
4.066052
4.066549
4.067224
4.067367
4.067569
4.067146
4.070254
4.070508
4.070775
4.070539
4.070339
4.071023
4.071997
4.071890
4.071350
4.073779
4.073898
4.073905
4.073767
4.074728
4.075230
4.072815
4.073648
4.075379
4.075938
4.076781
4.076818
4.076568
4.077115
4.077826
4.077266
4.069478
4.069522
4.068923
4.070452
4.070802
4.070380
4.071242
4.071184
4.071554
4.070225
4.070886
4.069868
4.070426
4.070098
4.068800
4.069160
4.069563
4.070282
4.071697
4.070691
4.071248
4.071488
4.071345
4.071370
4.069141
4.069677
4.070577
4.070483
4.070221
4.069951
4.071266
4.070199
4.065767
4.065288
4.065989
4.066668
4.066728
4.066277
4.066338
4.067248
4.067792
4.068296
4.068773
4.069427
4.070479
4.067273
4.063919
4.064384
4.064072
4.064048
4.064662
4.064780
4.064802
4.065453
4.065869
4.067062
4.066822
4.067236
4.065202
4.065801
4.066375
4.066664
4.066348
4.066320
4.066709
4.066628
4.066300
4.066236
4.066167
4.066648
4.066639
4.067890
4.067859
4.068233
4.070588
4.073388
4.071925
4.071714
4.070307
4.071029
4.072460
4.072661
4.073357
4.073822
4.073369
4.073515
4.074618
4.073617
4.075184
4.071421
4.072363
4.063303
4.060621
4.063244
4.063108
4.062859
4.059602
4.059898
4.059344
4.059631
4.060842
4.060379
4.061061
4.055653
4.056532
4.055739
4.055475
4.056353
4.056855
4.057029
4.057018
4.057850
4.057846
4.058126
4.058644
4.056857
4.057366
4.057150
4.057529
4.056445
4.056174
4.055667
4.054637
4.051992
4.052871
4.053314
4.055167
4.054402
4.054948
4.054876
4.055710
4.055798
4.056198
4.053751
4.053013
4.053180
4.052818
4.053199
4.053645
4.053984
4.054037
4.051451
4.051109
4.051956
4.052275
4.053443
4.053747
4.053274
4.053852
4.055187
4.055581
4.055479
4.054775
4.055861
4.057413
4.057311
4.057658
4.056979
4.056986
4.057862
4.058391
4.057694
4.057882
4.057682
4.058481
4.058831
4.059266
4.059619
4.059811
4.059512
4.059311
4.058894
4.058430
4.058778
4.060608
4.060271
4.059416
4.060285
4.062063
4.062824
4.064125
4.064422
4.064714
4.067444
4.067134
4.067019
4.067305
4.067499
4.067692
4.068602
4.068430
4.068533
4.065671
4.067949
4.068486
4.071225
4.074681
4.074484
4.074355
4.073364
4.073417
4.073019
4.073386
4.073610
4.073788
4.074948
4.074957
4.074224
4.073913
4.075573
4.076222
4.076802
4.076507
4.077064
4.076551
4.076014
4.075930
4.076469
4.076982
4.077711
4.077324
4.077139
4.076925
4.079264
4.079161
4.079558
4.079877
4.080560
4.081397
4.080780
4.081035
4.080959
4.081288
4.082251
4.082469
4.082498
4.082237
4.084874
4.085804
4.084421
4.084215
4.084570
4.084108
4.084646
4.085916
4.088003
4.087887
4.089056
4.088881
4.090694
4.091436
4.091911
4.090696
4.090751
4.090788
4.093646
4.096149
4.097903
4.098257
4.099113
4.100413
4.100192
4.100837
4.101409
4.101804
4.102735
4.102474
4.102520
4.102499
4.102490
4.101888
4.101228
4.102146
4.101955
4.101685
4.100620
4.100724
4.100755
4.100596
4.101295
4.101306
4.101665
4.101558
4.101087
4.101089
4.101741
4.100143
4.099561
4.100855
4.101625
4.101627
4.101358
4.101687
4.102239
4.102629
4.102808
4.102504
4.102714
4.104021
4.103948
4.104124
4.104309
4.104547
4.104634
4.104334
4.104448
4.105022
4.105598
4.106772
4.106975
4.106750
4.106719
4.108180
4.107814
4.107475
4.107890
4.108589
4.110178
4.111950
4.112662
4.113112
4.112331
4.112531
4.112377
4.113984
4.114720
4.114880
4.114643
4.114849
4.114926
4.115219
4.116231
4.116890
4.114069
4.114633
4.114667
4.115744
4.116090
4.115764
4.115961
4.115922
4.116683
4.117513
4.118542
4.119683
4.119405
4.120221
4.120705
4.120946
4.121437
4.121742
4.122045
4.124660
4.124214
4.125188
4.124105
4.124902
4.125339
4.125811
4.125922
4.126192
4.126457
4.126928
4.128977
4.130135
4.129837
4.128135
4.127814
4.128463
4.129673
4.129430
4.132506
4.135376
4.135556
4.136375
4.136066
4.136370
4.135993
4.137342
4.136429
4.136160
4.135911
4.136033
4.136196
4.136271
4.136791
4.137651
4.139797
4.143560
4.143930
4.144776
4.145034
4.145114
4.143882
4.143788
4.144105
4.143294
4.143414
4.143672
4.143692
4.143935
4.145088
4.145372
4.145671
4.147611
4.147924
4.148330
4.148977
4.148995
4.150101
4.149623
4.150374
4.150200
4.151365
4.152106
4.152914
4.152667
4.153372
4.153109
4.153876
4.154578
4.154660
4.155393
4.157036
4.158890
4.158360
4.158348
4.158161
4.157899
4.157900
4.157796
4.156834
4.157541
4.157274
4.158013
4.157768
4.158307
4.158438
4.158608
4.159760
4.160574
4.160278
4.160797
4.161149
4.161021
4.162858
4.162972
4.163165
4.165446
4.166371
4.166707
4.166961
4.166654
4.166394
4.166696
4.168187
4.167888
4.167911
4.166999
4.167152
4.167621
4.167802
4.168308
4.167760
4.168491
4.168689
4.169746
4.170201
4.170600
4.171585
4.171842
4.171980
4.171656
4.171760
4.172798
4.173554
4.173925
4.174295
4.174030
4.174101
4.174389
4.174551
4.174818
4.175762
4.175259
4.175790
4.175684
4.175971
4.176218
4.176167
4.176410
4.176228
4.176138
4.175487
4.176215
4.176428
4.177146
4.177572
4.177665
4.178572
4.179209
4.179422
4.179782
4.179815
4.179882
4.180150
4.180664
4.181662
4.181608
4.182738
4.185717
4.185945
4.185969
4.186606
4.186840
4.186860
4.187582
4.186836
4.187219
4.188688
4.188740
4.189180
4.189562
4.189628
4.189698
4.191004
4.191757
4.192689
4.192843
4.193397
4.193594
4.194077
4.195002
4.195240
4.195522
4.195493
4.196348
4.196408
4.196962
4.196735
4.196572
4.196939
4.196532
4.196414
4.196996
4.196601
4.196947
4.196556
4.196495
4.198246
4.198422
4.198472
4.198759
4.199477
4.199906
4.200151
4.200159
4.201646
4.201749
4.202335
4.202015
4.202387
4.202268
4.202248
4.202376
4.202272
4.202510
4.202708
4.202882
4.203015
4.202810
4.204489
4.204629
4.205403
4.205562
4.205722
4.205746
4.205926
4.205909
4.206071
4.206519
4.207820
4.207414
4.207848
4.207779
4.208076
4.207659
4.207663
4.208439
4.208345
4.208430
4.209101
4.209456
4.209484
4.209552
4.210718
4.210826
4.209978
4.212831
4.214018
4.214006
4.214118
4.213966
4.213691
4.213760
4.214150
4.214656
4.214741
4.215129
4.214237
4.214433
4.214595
4.214720
4.214382
4.214940
4.213409
4.212410
4.212767
4.213475
4.214779
4.214539
4.215009
4.215337
4.217068
4.217430
4.217725
4.218286
4.218981
4.219406
4.219894
4.219829
4.219454
4.219624
4.220698
4.220788
4.220970
4.221759
4.221649
4.222843
4.222648
4.221803
4.222357
4.222535
4.222184
4.222957
4.223076
4.223632
4.224185
4.224467
4.224765
4.225687
